
Descriptive Statistics
========================================================
Statistic       N    Mean    St. Dev.   Min      Max    
--------------------------------------------------------
w5_expf        756 1,921.61  2,085.03  95.00  20,000.00 
w5_hhincome    756 15,793.23 27,030.66 100.00 295,000.00
gen            920   0.43      0.50      0        1     
race_african   920   0.62      0.49      0        1     
health_binary  670   0.78      0.41      0        1     
w5_best_edu    920   10.18     9.93      -9       29    
w5_best_marstt 754   2.43      1.57      1        5     
w5_hhsizer     756   3.12      2.27      1        18    
treatment      920   0.49      0.50      0        1     
--------------------------------------------------------
